# YAML:1.0
fx: 1995.4
fy: 1995.2
cx: 965.5
cy: 605.6
k1: -0.14964
k2: 0.13337
p1: 0
p2: 0